# Created by Octave 8.4.0, Fri Mar 06 21:20:30 2026 IST <skirthy@AC130>
# name: engine
# type: scalar struct
# ndims: 2
 1 1
# length: 23
# name: bypStations
# type: matrix
# rows: 1
# columns: 3
 2 13 19


# name: coreStations
# type: matrix
# rows: 1
# columns: 7
 2 23 3 4 45 5 9


# name: altCruise
# type: scalar
31000


# name: machNo
# type: scalar
0.84999999999999998


# name: velCruise
# type: scalar
256.61499999999995


# name: eff013to02
# type: scalar
0.90000000000000002


# name: eff019to013
# type: scalar
1


# name: eff023to02
# type: scalar
0.90000000000000002


# name: eff03to023
# type: scalar
0.90000000000000002


# name: eff04to03
# type: scalar
1


# name: eff045to04
# type: scalar
0.90000000000000002


# name: eff05to045
# type: scalar
0.90000000000000002


# name: eff09to05
# type: scalar
1


# name: bypRatio
# type: scalar
7.2000000000000002


# name: fuelLCV
# type: scalar
43


# name: velJetCore
# type: scalar
386.8881309999129


# name: velJetByp
# type: scalar
386.88813099988744


# name: TgrossPerCoreMdot
# type: scalar
3.1724826741992858


# name: TnetPerCoreMdot
# type: scalar
1.0682396741992861


# name: effProp
# type: scalar
0.79755633698706807


# name: effTherm
# type: scalar
0.53048305029090681


# name: effOverall
# type: scalar
0.42309686438544064


# name: sfc
# type: scalar
0.51761549642005644




# name: staticProp
# type: scalar struct
# ndims: 2
 1 1
# length: 2
# name: temp2
# type: scalar
226.72999999999999


# name: pres2
# type: scalar
28.745000000000001




# name: stagProp
# type: scalar struct
# ndims: 2
 1 1
# length: 50
# name: temp02
# type: scalar
259.49248499999993


# name: pres02
# type: scalar
46.101770297470807


# name: PR023to02
# type: scalar
1.6000000000000001


# name: pres023
# type: scalar
73.762832475953289


# name: temp023
# type: scalar
300.93076379329847


# name: TR023to02
# type: scalar
1.1596897065951584


# name: PD023to02
# type: scalar
27.661062178482481


# name: TD023to02
# type: scalar
41.438278793298537


# name: PR03to023
# type: scalar
25


# name: pres03
# type: scalar
1844.0708118988323


# name: temp03
# type: scalar
805.31899572534724


# name: TR03to023
# type: scalar
2.6760939479039103


# name: PD03to023
# type: scalar
1770.307979422879


# name: TD03to023
# type: scalar
504.38823193204877


# name: temp04
# type: scalar
1450


# name: pres04
# type: scalar
1844.0708118988323


# name: PR04to03
# type: scalar
1


# name: TR04to03
# type: scalar
1.800528744133238


# name: PD04to03
# type: scalar
0


# name: TD04to03
# type: scalar
644.68100427465276


# name: temp045
# type: scalar
945.61176806795129


# name: TR045to04
# type: scalar
0.65214604694341471


# name: pres045
# type: scalar
333.51678528070551


# name: PR045to04
# type: scalar
0.18085899040790337


# name: PD045to04
# type: scalar
-1510.5540266181267


# name: TD045to04
# type: scalar
-504.38823193204871


# name: PR013to02
# type: scalar
1.6633114601268071


# name: pres013
# type: scalar
76.681602867916837


# name: temp013
# type: scalar
304.60741477423255


# name: TR013to02
# type: scalar
1.1738583287844835


# name: PD013to02
# type: scalar
30.57983257044603


# name: TD013to02
# type: scalar
45.114929774232621


# name: temp05
# type: scalar
579.34599490017786


# name: TR05to045
# type: scalar
0.61266791982071256


# name: pres05
# type: scalar
46.525967303244244


# name: PR05to045
# type: scalar
0.13950112664969924


# name: PD05to045
# type: scalar
-286.99081797746123


# name: TD05to045
# type: scalar
-366.26577316777343


# name: PR09to05
# type: scalar
0.61782702576923365


# name: pres09
# type: scalar
28.745000000000005


# name: temp09
# type: scalar
504.87712628893121


# name: TR09to05
# type: scalar
0.87146045840175745


# name: PD09to05
# type: scalar
-17.780967303244239


# name: TD09to05
# type: scalar
-74.468868611246648


# name: PR019to013
# type: scalar
0.37486175203605127


# name: pres019
# type: scalar
28.744999999999997


# name: temp019
# type: scalar
230.13854616299571


# name: TR019to013
# type: scalar
0.75552509558432346


# name: PD019to013
# type: scalar
-47.936602867916839


# name: TD019to013
# type: scalar
-74.468868611236843




# name: gasProp
# type: scalar struct
# ndims: 2
 1 1
# length: 7
# name: tempSI
# type: scalar
226.72999999999999


# name: presSI
# type: scalar
28745


# name: rhoSI
# type: scalar
0.44169999999999998


# name: sosSI
# type: scalar
301.89999999999998


# name: const
# type: scalar
287


# name: gamma
# type: scalar
1.3999999999999999


# name: cp
# type: scalar
1005




