# Created by Octave 8.4.0, Fri Mar 06 21:20:15 2026 IST <skirthy@AC130>
# name: engine
# type: scalar struct
# ndims: 2
 1 1
# length: 23
# name: bypStations
# type: matrix
# rows: 1
# columns: 3
 2 13 19


# name: coreStations
# type: matrix
# rows: 1
# columns: 7
 2 23 3 4 45 5 9


# name: altCruise
# type: scalar
31000


# name: machNo
# type: scalar
0.84999999999999998


# name: velCruise
# type: scalar
256.61499999999995


# name: eff013to02
# type: scalar
0.90000000000000002


# name: eff019to013
# type: scalar
1


# name: eff023to02
# type: scalar
0.90000000000000002


# name: eff03to023
# type: scalar
0.90000000000000002


# name: eff04to03
# type: scalar
1


# name: eff045to04
# type: scalar
0.90000000000000002


# name: eff05to045
# type: scalar
0.90000000000000002


# name: eff09to05
# type: scalar
1


# name: bypRatio
# type: scalar
6.1000000000000005


# name: fuelLCV
# type: scalar
43


# name: velJetCore
# type: scalar
403.99447264540083


# name: velJetByp
# type: scalar
403.99447264547138


# name: TgrossPerCoreMdot
# type: scalar
2.8683607557823461


# name: TnetPerCoreMdot
# type: scalar
1.0463942557823465


# name: effProp
# type: scalar
0.77690378544645755


# name: effTherm
# type: scalar
0.53344942366198911


# name: effOverall
# type: scalar
0.41444456635099142


# name: sfc
# type: scalar
0.52842167873222323




# name: staticProp
# type: scalar struct
# ndims: 2
 1 1
# length: 2
# name: temp2
# type: scalar
226.72999999999999


# name: pres2
# type: scalar
28.745000000000001




# name: stagProp
# type: scalar struct
# ndims: 2
 1 1
# length: 50
# name: temp02
# type: scalar
259.49248499999993


# name: pres02
# type: scalar
46.101770297470807


# name: PR023to02
# type: scalar
1.6000000000000001


# name: pres023
# type: scalar
73.762832475953289


# name: temp023
# type: scalar
300.93076379329847


# name: TR023to02
# type: scalar
1.1596897065951584


# name: PD023to02
# type: scalar
27.661062178482481


# name: TD023to02
# type: scalar
41.438278793298537


# name: PR03to023
# type: scalar
25


# name: pres03
# type: scalar
1844.0708118988323


# name: temp03
# type: scalar
805.31899572534724


# name: TR03to023
# type: scalar
2.6760939479039103


# name: PD03to023
# type: scalar
1770.307979422879


# name: TD03to023
# type: scalar
504.38823193204877


# name: temp04
# type: scalar
1450


# name: pres04
# type: scalar
1844.0708118988323


# name: PR04to03
# type: scalar
1


# name: TR04to03
# type: scalar
1.800528744133238


# name: PD04to03
# type: scalar
0


# name: TD04to03
# type: scalar
644.68100427465276


# name: temp045
# type: scalar
945.61176806795129


# name: TR045to04
# type: scalar
0.65214604694341471


# name: pres045
# type: scalar
333.51678528070551


# name: PR045to04
# type: scalar
0.18085899040790337


# name: PD045to04
# type: scalar
-1510.5540266181267


# name: TD045to04
# type: scalar
-504.38823193204871


# name: PR013to02
# type: scalar
1.7922770776036494


# name: pres013
# type: scalar
82.627146141105712


# name: temp013
# type: scalar
311.79817038648497


# name: TR013to02
# type: scalar
1.2015691721726933


# name: PD013to02
# type: scalar
36.525375843634905


# name: TD013to02
# type: scalar
52.305685386485038


# name: temp05
# type: scalar
585.108808417094


# name: TR05to045
# type: scalar
0.61876218991285681


# name: pres05
# type: scalar
48.490651062610311


# name: PR05to045
# type: scalar
0.14539193588651916


# name: PD05to045
# type: scalar
-285.02613421809519


# name: TD05to045
# type: scalar
-360.50295965085729


# name: PR09to05
# type: scalar
0.59279468041963268


# name: pres09
# type: scalar
28.745000000000001


# name: temp09
# type: scalar
503.90904029369324


# name: TR09to05
# type: scalar
0.86122278975243594


# name: PD09to05
# type: scalar
-19.74565106261031


# name: TD09to05
# type: scalar
-81.199768123400759


# name: PR019to013
# type: scalar
0.34788808935638421


# name: pres019
# type: scalar
28.745000000000001


# name: temp019
# type: scalar
230.59840226305585


# name: TR019to013
# type: scalar
0.73957586722597146


# name: PD019to013
# type: scalar
-53.882146141105707


# name: TD019to013
# type: scalar
-81.199768123429124




# name: gasProp
# type: scalar struct
# ndims: 2
 1 1
# length: 7
# name: tempSI
# type: scalar
226.72999999999999


# name: presSI
# type: scalar
28745


# name: rhoSI
# type: scalar
0.44169999999999998


# name: sosSI
# type: scalar
301.89999999999998


# name: const
# type: scalar
287


# name: gamma
# type: scalar
1.3999999999999999


# name: cp
# type: scalar
1005




