# Created by Octave 8.4.0, Fri Mar 06 21:19:18 2026 IST <skirthy@AC130>
# name: engine
# type: scalar struct
# ndims: 2
 1 1
# length: 23
# name: bypStations
# type: matrix
# rows: 1
# columns: 3
 2 13 19


# name: coreStations
# type: matrix
# rows: 1
# columns: 7
 2 23 3 4 45 5 9


# name: altCruise
# type: scalar
31000


# name: machNo
# type: scalar
0.84999999999999998


# name: velCruise
# type: scalar
256.61499999999995


# name: eff013to02
# type: scalar
0.90000000000000002


# name: eff019to013
# type: scalar
1


# name: eff023to02
# type: scalar
0.90000000000000002


# name: eff03to023
# type: scalar
0.90000000000000002


# name: eff04to03
# type: scalar
1


# name: eff045to04
# type: scalar
0.90000000000000002


# name: eff05to045
# type: scalar
0.90000000000000002


# name: eff09to05
# type: scalar
1


# name: bypRatio
# type: scalar
2.4000000000000004


# name: fuelLCV
# type: scalar
43


# name: velJetCore
# type: scalar
526.77627932760868


# name: velJetByp
# type: scalar
526.77627932758014


# name: TgrossPerCoreMdot
# type: scalar
1.7910393497138697


# name: TnetPerCoreMdot
# type: scalar
0.91854834971386978


# name: effProp
# type: scalar
0.65513877106279461


# name: effTherm
# type: scalar
0.55531202748215813


# name: effOverall
# type: scalar
0.36380873687514576


# name: sfc
# type: scalar
0.60196875801747862




# name: staticProp
# type: scalar struct
# ndims: 2
 1 1
# length: 2
# name: temp2
# type: scalar
226.72999999999999


# name: pres2
# type: scalar
28.745000000000001




# name: stagProp
# type: scalar struct
# ndims: 2
 1 1
# length: 50
# name: temp02
# type: scalar
259.49248499999993


# name: pres02
# type: scalar
46.101770297470807


# name: PR023to02
# type: scalar
1.6000000000000001


# name: pres023
# type: scalar
73.762832475953289


# name: temp023
# type: scalar
300.93076379329847


# name: TR023to02
# type: scalar
1.1596897065951584


# name: PD023to02
# type: scalar
27.661062178482481


# name: TD023to02
# type: scalar
41.438278793298537


# name: PR03to023
# type: scalar
25


# name: pres03
# type: scalar
1844.0708118988323


# name: temp03
# type: scalar
805.31899572534724


# name: TR03to023
# type: scalar
2.6760939479039103


# name: PD03to023
# type: scalar
1770.307979422879


# name: TD03to023
# type: scalar
504.38823193204877


# name: temp04
# type: scalar
1450


# name: pres04
# type: scalar
1844.0708118988323


# name: PR04to03
# type: scalar
1


# name: TR04to03
# type: scalar
1.800528744133238


# name: PD04to03
# type: scalar
0


# name: TD04to03
# type: scalar
644.68100427465276


# name: temp045
# type: scalar
945.61176806795129


# name: TR045to04
# type: scalar
0.65214604694341471


# name: pres045
# type: scalar
333.51678528070551


# name: PR045to04
# type: scalar
0.18085899040790337


# name: PD045to04
# type: scalar
-1510.5540266181267


# name: TD045to04
# type: scalar
-504.38823193204871


# name: PR013to02
# type: scalar
3.1638496387975481


# name: pres013
# type: scalar
145.85906930358055


# name: temp013
# type: scalar
371.85065757716376


# name: TR013to02
# type: scalar
1.4329920096806035


# name: PD013to02
# type: scalar
99.757299006109747


# name: TD013to02
# type: scalar
112.35817257716383


# name: temp05
# type: scalar
634.51387508945959


# name: TR05to045
# type: scalar
0.67100886062985599


# name: pres05
# type: scalar
67.845161267721579


# name: PR05to045
# type: scalar
0.20342352847584411


# name: PD05to045
# type: scalar
-265.6716240129839


# name: TD05to045
# type: scalar
-311.0978929784917


# name: PR09to05
# type: scalar
0.42368533677103798


# name: pres09
# type: scalar
28.745000000000001


# name: temp09
# type: scalar
496.45753257093281


# name: TR09to05
# type: scalar
0.78242186981480533


# name: PD09to05
# type: scalar
-39.100161267721575


# name: TD09to05
# type: scalar
-138.05634251852678


# name: PR019to013
# type: scalar
0.19707379278673601


# name: pres019
# type: scalar
28.745000000000001


# name: temp019
# type: scalar
233.79431505865193


# name: TR019to013
# type: scalar
0.62873175102597911


# name: PD019to013
# type: scalar
-117.11406930358055


# name: TD019to013
# type: scalar
-138.05634251851183




# name: gasProp
# type: scalar struct
# ndims: 2
 1 1
# length: 7
# name: tempSI
# type: scalar
226.72999999999999


# name: presSI
# type: scalar
28745


# name: rhoSI
# type: scalar
0.44169999999999998


# name: sosSI
# type: scalar
301.89999999999998


# name: const
# type: scalar
287


# name: gamma
# type: scalar
1.3999999999999999


# name: cp
# type: scalar
1005




