# Created by Octave 8.4.0, Sun Mar 01 18:13:23 2026 IST <skirthy@AC130>
# name: isaDataMat
# type: matrix
# rows: 311
# columns: 14
 -2000 -609.60000000000002 1.0138 292.11000000000001 18.960000000000001 1.0744 108866 2273.6999999999998 1.0598000000000001 1.2983 0.002519 342.60000000000002 1124 666
 -1800 -548.60000000000002 1.0124 291.72000000000003 18.57 1.0668 108092 2257.5 1.0537000000000001 1.2907999999999999 0.0025049999999999998 342.39999999999998 1123 665.60000000000002
 -1600 -487.69999999999999 1.0109999999999999 291.31999999999999 18.170000000000002 1.0591999999999999 107322 2241.5 1.0477000000000001 1.2834000000000001 0.00249 342.19999999999999 1123 665.10000000000002
 -1400 -426.69999999999999 1.0096000000000001 290.92000000000002 17.77 1.0516000000000001 106557 2225.5 1.0416000000000001 1.276 0.0024759999999999999 341.89999999999998 1122 664.70000000000005
 -1200 -365.80000000000001 1.0083 290.52999999999997 17.379999999999999 1.0441 105797 2209.5999999999999 1.0356000000000001 1.2685999999999999 0.0024610000000000001 341.69999999999999 1121 664.20000000000005
 -1000 -304.80000000000001 1.0068999999999999 290.13 16.98 1.0367 105041 2193.8000000000002 1.0296000000000001 1.2612000000000001 0.002447 341.5 1120 663.70000000000005
 -800 -243.80000000000001 1.0055000000000001 289.73000000000002 16.579999999999998 1.0293000000000001 104289 2178.0999999999999 1.0236000000000001 1.2539 0.0024329999999999998 341.19999999999999 1120 663.29999999999995
 -600 -182.90000000000001 1.0041 289.33999999999997 16.190000000000001 1.0219 103541 2162.5 1.0177 1.2466999999999999 0.0024190000000000001 341 1119 662.79999999999995
 -400 -121.90000000000001 1.0027999999999999 288.94 15.789999999999999 1.0145 102798 2147 1.0118 1.2394000000000001 0.002405 340.80000000000001 1118 662.39999999999998
 -200 -61 1.0014000000000001 288.55000000000001 15.4 1.0072000000000001 102059 2131.5999999999999 1.0059 1.2322 0.0023909999999999999 340.5 1117 661.89999999999998
 0 0 1 288.14999999999998 15 1 101325 2116.1999999999998 1 1.2250000000000001 0.0023770000000000002 340.30000000000001 1116 661.5
 200 61 0.99860000000000004 287.75 14.6 0.99280000000000002 100595 2101 0.99419999999999997 1.2178 0.0023630000000000001 340.10000000000002 1116 661
 400 121.90000000000001 0.99719999999999998 287.36000000000001 14.210000000000001 0.98560000000000003 99869 2085.8000000000002 0.98829999999999996 1.2107000000000001 0.002349 339.80000000000001 1115 660.60000000000002
 600 182.90000000000001 0.99590000000000001 286.95999999999998 13.81 0.97850000000000004 99147 2070.6999999999998 0.98260000000000003 1.2036 0.0023349999999999998 339.60000000000002 1114 660.10000000000002
 800 243.80000000000001 0.99450000000000005 286.56999999999999 13.42 0.97140000000000004 98430 2055.6999999999998 0.9768 1.1966000000000001 0.0023219999999999998 339.39999999999998 1113 659.70000000000005
 1000 304.80000000000001 0.99309999999999998 286.17000000000002 13.02 0.96440000000000003 97717 2040.9000000000001 0.97109999999999996 1.1896 0.0023080000000000002 339.10000000000002 1113 659.20000000000005
 1200 365.80000000000001 0.99170000000000003 285.76999999999998 12.619999999999999 0.95740000000000003 97008 2026 0.96540000000000004 1.1826000000000001 0.0022950000000000002 338.89999999999998 1112 658.70000000000005
 1400 426.69999999999999 0.99039999999999995 285.38 12.23 0.95040000000000002 96303 2011.3 0.9597 1.1756 0.002281 338.69999999999999 1111 658.29999999999995
 1600 487.69999999999999 0.98899999999999999 284.98000000000002 11.83 0.94350000000000001 95602 1996.7 0.95399999999999996 1.1687000000000001 0.0022680000000000001 338.39999999999998 1110 657.79999999999995
 1800 548.60000000000002 0.98760000000000003 284.57999999999998 11.43 0.93659999999999999 94905 1982.0999999999999 0.94840000000000002 1.1617999999999999 0.0022539999999999999 338.19999999999999 1110 657.39999999999998
 2000 609.60000000000002 0.98619999999999997 284.19 11.039999999999999 0.92979999999999996 94213 1967.7 0.94279999999999997 1.1549 0.0022409999999999999 337.89999999999998 1109 656.89999999999998
 2200 670.60000000000002 0.9849 283.79000000000002 10.640000000000001 0.92300000000000004 93525 1953.3 0.93720000000000003 1.1480999999999999 0.0022279999999999999 337.69999999999999 1108 656.5
 2400 731.5 0.98350000000000004 283.39999999999998 10.25 0.9163 92840 1939 0.93159999999999998 1.1413 0.0022139999999999998 337.5 1107 656
 2600 792.5 0.98209999999999997 283 9.8499999999999996 0.90949999999999998 92160 1924.8 0.92610000000000003 1.1345000000000001 0.0022009999999999998 337.19999999999999 1106 655.5
 2800 853.39999999999998 0.98070000000000002 282.60000000000002 9.4499999999999993 0.90290000000000004 91484 1910.7 0.92059999999999997 1.1276999999999999 0.0021879999999999998 337 1106 655.10000000000002
 3000 914.39999999999998 0.97940000000000005 282.20999999999998 9.0600000000000005 0.8962 90812 1896.5999999999999 0.91510000000000002 1.121 0.0021749999999999999 336.80000000000001 1105 654.60000000000002
 3200 975.39999999999998 0.97799999999999998 281.81 8.6600000000000001 0.88959999999999995 90144 1882.7 0.90969999999999995 1.1143000000000001 0.0021619999999999999 336.5 1104 654.20000000000005
 3400 1036.3 0.97660000000000002 281.41000000000003 8.2599999999999998 0.8831 89479 1868.8 0.9042 1.1076999999999999 0.0021489999999999999 336.30000000000001 1103 653.70000000000005
 3600 1097.3 0.97519999999999996 281.01999999999998 7.8700000000000001 0.87660000000000005 88819 1855 0.89880000000000004 1.1011 0.0021359999999999999 336.10000000000002 1103 653.20000000000005
 3800 1158.2 0.97389999999999999 280.62 7.4699999999999998 0.87009999999999998 88163 1841.3 0.89339999999999997 1.0945 0.002124 335.80000000000001 1102 652.79999999999995
 4000 1219.2 0.97250000000000003 280.23000000000002 7.0800000000000001 0.86370000000000002 87511 1827.7 0.8881 1.0879000000000001 0.002111 335.60000000000002 1101 652.29999999999995
 4200 1280.2 0.97109999999999996 279.82999999999998 6.6799999999999997 0.85729999999999995 86862 1814.2 0.88280000000000003 1.0813999999999999 0.002098 335.30000000000001 1100 651.89999999999998
 4400 1341.0999999999999 0.96970000000000001 279.43000000000001 6.2800000000000002 0.85089999999999999 86218 1800.7 0.87739999999999996 1.0749 0.0020860000000000002 335.10000000000002 1099 651.39999999999998
 4600 1402.0999999999999 0.96840000000000004 279.04000000000002 5.8899999999999997 0.84460000000000002 85577 1787.3 0.87219999999999998 1.0684 0.0020730000000000002 334.89999999999998 1099 650.89999999999998
 4800 1463 0.96699999999999997 278.63999999999999 5.4900000000000002 0.83830000000000005 84940 1774 0.8669 1.0620000000000001 0.0020609999999999999 334.60000000000002 1098 650.5
 5000 1524 0.96560000000000001 278.24000000000001 5.0899999999999999 0.83199999999999996 84307 1760.8 0.86170000000000002 1.0555000000000001 0.0020479999999999999 334.39999999999998 1097 650
 5200 1585 0.96419999999999995 277.85000000000002 4.7000000000000002 0.82579999999999998 83678 1747.7 0.85650000000000004 1.0491999999999999 0.002036 334.19999999999999 1096 649.5
 5400 1645.9000000000001 0.96289999999999998 277.44999999999999 4.2999999999999998 0.81969999999999998 83053 1734.5999999999999 0.85129999999999995 1.0427999999999999 0.0020230000000000001 333.89999999999998 1096 649.10000000000002
 5600 1706.9000000000001 0.96150000000000002 277.06 3.9100000000000001 0.8135 82431 1721.5999999999999 0.84609999999999996 1.0365 0.0020110000000000002 333.69999999999999 1095 648.60000000000002
 5800 1767.8 0.96009999999999995 276.66000000000003 3.5099999999999998 0.80740000000000001 81814 1708.7 0.84099999999999997 1.0302 0.0019989999999999999 333.39999999999998 1094 648.20000000000005
 6000 1828.8 0.9587 276.25999999999999 3.1099999999999999 0.8014 81200 1695.9000000000001 0.83589999999999998 1.0239 0.0019870000000000001 333.19999999999999 1093 647.70000000000005
